Image_Rouge 3 4 
255 0 0
225 0 0
212 0 1
231 0 0
244 0 0
223 0 0
236 0 0
228 0 0
245 0 0
205 0 1
213 0 0
0 0 0
Image_Verte 4 3 
0 253 0
0 246 0
0 235 0
0 241 0
0 0 0
0 238 0
0 255 0
0 230 0
0 224 0
1 241 0
0 232 0
0 237 0
Mario_http://pixelartmaker.com/art/7dd56f5049ccd8c 18 28
255 255 255 
255 255 255 
255 255 255 
255 255 255 
255 255 255 
255 255 255 
255 255 255 
255 255 255 
255 255 255 
255 255 255 
255 255 255 
255 255 255 
255 255 255 
255 255 255 
255 255 255 
255 255 255 
255 255 255 
255 255 255 
255 255 255 
255 255 255 
255 255 255 
255 255 255 
255 255 255 
255 255 255 
255 255 255 
255 255 255 
0 0 0 
0 0 0 
0 0 0 
0 0 0 
255 255 255 
0 0 0 
0 0 0 
0 0 0 
255 255 255 
255 255 255 
255 255 255 
255 255 255 
255 255 255 
255 255 255 
255 255 255 
255 255 255 
0 0 0 
0 0 0 
255 0 0 
255 0 0 
255 0 0 
0 0 0 
0 0 0 
255 191 143 
255 191 143 
255 191 143 
0 0 0 
255 255 255 
255 255 255 
255 255 255 
255 255 255 
255 255 255 
255 255 255 
0 0 0 
255 0 0 
255 0 0 
255 0 0 
255 0 0 
255 0 0 
255 0 0 
0 0 0 
255 158 122 
255 191 143 
255 191 143 
0 0 0 
255 255 255 
255 255 255 
255 255 255 
255 255 255 
255 255 255 
0 0 0 
255 0 0 
255 0 0 
255 0 0 
0 0 0 
0 0 0 
0 0 0 
0 0 0 
0 0 0 
0 0 0 
255 158 122 
255 158 122 
0 0 0 
255 255 255 
255 255 255 
255 255 255 
255 255 255 
0 0 0 
255 0 0 
255 0 0 
255 0 0 
0 0 0 
0 0 0 
0 0 0 
0 0 0 
0 0 0 
0 0 0 
0 0 0 
0 0 0 
255 158 122 
0 0 0 
255 255 255 
255 255 255 
255 255 255 
255 255 255 
0 0 0 
255 0 0 
0 0 0 
0 0 0 
255 158 122 
255 158 122 
255 158 122 
255 158 122 
255 158 122 
255 158 122 
0 0 0 
0 0 0 
0 0 0 
255 255 255 
255 255 255 
255 255 255 
255 255 255 
0 0 0 
0 0 0 
0 0 0 
0 0 0 
255 158 122 
255 191 143 
255 191 143 
0 0 0 
255 191 143 
0 0 0 
255 191 143 
0 0 0 
255 0 0 
255 0 0 
0 0 0 
255 255 255 
255 255 255 
255 255 255 
0 0 0 
255 191 143 
0 0 0 
0 0 0 
255 158 122 
255 191 143 
255 191 143 
0 0 0 
255 191 143 
0 0 0 
255 191 143 
0 0 0 
255 0 0 
255 0 0 
0 0 0 
255 255 255 
255 255 255 
0 0 0 
255 191 143 
255 191 143 
0 0 0 
0 0 0 
0 0 0 
255 158 122 
255 191 143 
255 191 143 
255 191 143 
255 219 166 
255 219 166 
255 219 166 
0 0 0 
255 0 0 
0 0 0 
255 255 255 
255 255 255 
0 0 0 
255 158 122 
255 191 143 
255 158 122 
0 0 0 
255 158 122 
255 191 143 
0 0 0 
255 158 122 
255 158 122 
255 191 143 
255 191 143 
255 191 143 
0 0 0 
255 0 0 
0 0 0 
255 255 255 
255 255 255 
255 255 255 
0 0 0 
255 158 122 
255 158 122 
255 158 122 
255 191 143 
0 0 0 
0 0 0 
0 0 0 
0 0 0 
255 158 122 
255 158 122 
0 0 0 
0 0 0 
0 0 0 
255 255 255 
255 255 255 
255 255 255 
255 255 255 
255 255 255 
0 0 0 
0 0 0 
255 158 122 
255 158 122 
255 191 143 
255 191 143 
0 0 0 
0 0 0 
0 0 0 
0 0 0 
0 0 0 
255 0 0 
0 0 0 
255 255 255 
255 255 255 
255 255 255 
255 255 255 
255 255 255 
255 255 255 
0 0 0 
0 0 0 
0 0 0 
255 158 122 
255 158 122 
255 158 122 
255 158 122 
255 158 122 
0 0 0 
255 0 0 
255 0 0 
0 0 0 
255 255 255 
255 255 255 
255 255 255 
255 255 255 
255 255 255 
0 0 0 
255 0 0 
255 0 0 
255 0 0 
0 0 0 
0 0 0 
0 0 0 
0 0 0 
0 0 0 
0 0 0 
255 0 0 
0 0 0 
255 255 255 
255 255 255 
255 255 255 
255 255 255 
255 255 255 
0 0 0 
255 0 0 
255 0 0 
255 0 0 
255 0 0 
255 0 0 
0 0 0 
0 0 0 
255 0 0 
255 0 0 
0 0 0 
0 0 0 
255 255 255 
255 255 255 
255 255 255 
255 255 255 
255 255 255 
0 0 0 
255 0 0 
255 0 0 
255 0 0 
0 0 0 
0 0 0 
0 0 0 
0 0 255 
0 0 0 
255 0 0 
255 0 0 
255 0 0 
0 0 0 
0 0 0 
255 255 255 
255 255 255 
255 255 255 
255 255 255 
0 0 0 
255 0 0 
255 0 0 
0 0 0 
255 191 143 
255 191 143 
255 191 143 
0 0 0 
0 0 255 
0 0 0 
255 0 0 
255 0 0 
255 0 0 
0 0 0 
255 255 255 
255 255 255 
255 255 255 
255 255 255 
0 0 0 
255 0 0 
0 0 0 
255 158 122 
255 191 143 
255 219 166 
255 219 166 
255 191 143 
0 0 0 
0 0 255 
0 0 0 
0 0 0 
0 0 0 
0 0 0 
0 0 0 
255 255 255 
255 255 255 
255 255 255 
255 255 255 
0 0 0 
0 0 0 
255 158 122 
255 158 122 
255 191 143 
255 191 143 
255 191 143 
0 0 0 
255 255 255 
255 255 255 
0 0 255 
0 0 255 
0 0 0 
0 0 0 
255 255 255 
255 255 255 
255 255 255 
255 255 255 
255 255 255 
0 0 0 
0 0 0 
255 158 122 
255 158 122 
255 158 122 
0 0 0 
0 0 255 
255 255 255 
255 255 255 
0 0 255 
0 0 0 
0 255 0 
0 255 0 
0 0 0 
255 255 255 
255 255 255 
255 255 255 
0 0 0 
0 255 0 
0 255 0 
0 0 0 
0 0 0 
0 0 0 
0 0 255 
0 0 255 
0 0 255 
0 0 255 
0 0 0 
0 255 0 
0 255 0 
0 255 0 
0 0 0 
255 255 255 
255 255 255 
0 0 0 
0 0 0 
0 255 0 
0 0 0 
0 0 255 
0 0 255 
0 0 255 
0 0 255 
0 0 255 
0 0 255 
0 0 255 
0 0 0 
0 255 0 
0 255 0 
0 255 0 
0 0 0 
255 255 255 
255 255 255 
0 0 0 
0 255 0 
0 255 0 
0 0 0 
0 0 255 
0 0 255 
0 0 255 
0 0 255 
0 0 0 
0 0 0 
0 0 0 
0 0 0 
0 255 0 
0 255 0 
0 255 0 
0 0 0 
255 255 255 
255 255 255 
0 0 0 
0 255 0 
0 255 0 
0 0 0 
0 0 255 
0 0 0 
0 0 0 
0 0 0 
255 255 255 
255 255 255 
255 255 255 
0 0 0 
0 255 0 
0 255 0 
0 0 0 
0 0 0 
255 255 255 
255 255 255 
0 0 0 
0 255 0 
0 255 0 
0 0 0 
0 0 0 
255 255 255 
255 255 255 
255 255 255 
255 255 255 
255 255 255 
255 255 255 
255 255 255 
0 0 0 
0 0 0 
0 0 0 
255 255 255 
255 255 255 
255 255 255 
255 255 255 
0 0 0 
0 0 0 
255 255 255 
255 255 255 
255 255 255 
255 255 255 
255 255 255 
255 255 255 
255 255 255 
255 255 255 
255 255 255 
255 255 255 
255 255 255 
255 255 255 
255 255 255 
255 255 255 
255 255 255 
255 255 255 
255 255 255 
255 255 255 
255 255 255 
255 255 255 
255 255 255 
255 255 255 
255 255 255 
255 255 255 
255 255 255 
255 255 255 
255 255 255 
255 255 255 
255 255 255 
255 255 255 
255 255 255 
255 255 255 





